function F=Par_OA2(a)
F=[a(1)*36.5^3+a(2)*36.5^2+a(3)*36.5+a(4)-1;...
   a(1)*49^3+a(2)*49^2+a(3)*49+a(4)-0;...
   3*a(1)*36.5^2+2*a(2)*36.5+a(3)-0;...
   3*a(1)*49^2+2*a(2)*49+a(3)-0];
end