function F=Par_OA1(a)
F=[a(1)*12^3+a(2)*12^2+a(3)*12+a(4)-0;...
   a(1)*25.5^3+a(2)*25.5^2+a(3)*25.5+a(4)-1;...
   3*a(1)*12^2+2*a(2)*12+a(3)-0;...
   3*a(1)*25.5^2+2*a(2)*25.5+a(3)-0];
end